1	1	0.67206
1	2	1.00938
1	3	0.92514
1	4	3.11755
1	5	0.68581
1	6	1.31616
2	1	0.42149
2	2	0.74686
2	3	0.49635
2	4	0.63240
2	5	0.36468
2	6	0.74219
3	1	0.21175
3	2	0.76043
3	3	0.55529
3	4	1.13851
3	5	0.20266
3	6	0.93890
4	1	0.16397
4	2	1.05374
4	3	1.17747
4	4	0.89563
4	5	0.20873
4	6	1.30021
5	1	0.16740
5	2	0.70561
5	3	0.58347
5	4	1.17573
5	5	0.16916
5	6	0.88471
6	1	0.32162
6	2	0.82976
6	3	0.67706
6	4	1.38165
6	5	0.34383
6	6	1.10194
7	1	0.19775
7	2	0.98876
7	3	1.04042
7	4	0.64926
7	5	0.29555
7	6	1.15847
8	1	0.13010
8	2	1.00576
8	3	1.14980
8	4	0.86638
8	5	0.15114
8	6	1.29825
9	1	0.24423
9	2	2.16327
9	3	0.84432
9	4	0.22122
9	5	1.24757
9	6	0.97806
10	1	0.53968
10	2	1.14822
10	3	0.83642
10	4	0.58008
10	5	1.05241
10	6	1.22841
11	1	0.30972
11	2	1.13327
11	3	1.43940
11	4	1.00201
11	5	0.19904
11	6	1.46239
12	1	0.18858
12	2	0.70194
12	3	0.64079
12	4	1.31142
12	5	0.25374
12	6	0.97256
13	1	0.40106
13	2	0.77141
13	3	0.34116
13	4	0.69703
13	5	0.34177
13	6	0.79170
14	1	0.15783
14	2	0.77705
14	3	0.71353
14	4	1.67199
14	5	0.28540
14	6	1.01180
15	1	0.38166
15	2	0.91598
15	3	0.85444
15	4	0.58629
15	5	0.57240
15	6	0.95936
16	1	0.41734
16	2	1.09360
16	3	0.78062
16	4	0.55116
16	5	0.98899
16	6	1.07274
17	1	1.09015
17	2	0.58916
17	3	1.01198
17	4	0.45276
17	5	0.16594
17	6	0.65166
18	1	0.52715
18	2	0.34661
18	3	0.64702
18	4	2.76581
18	5	0.53996
18	6	0.56671
19	1	0.25888
19	2	0.78800
19	3	0.10045
19	4	1.10557
19	5	0.78948
19	6	0.63444
20	1	0.40682
20	2	0.97117
20	3	0.86424
20	4	0.58862
20	5	0.57840
20	6	0.95776
21	1	0.34538
21	2	0.80204
21	3	0.84054
21	4	2.80196
21	5	0.43435
21	6	1.10229
22	1	0.19028
22	2	0.69528
22	3	0.65796
22	4	1.51445
22	5	0.25549
22	6	0.94331
23	1	0.09211
23	2	2.11857
23	3	0.76589
23	4	0.13964
23	5	1.37328
23	6	0.96587
24	1	0.37971
24	2	0.81878
24	3	0.87266
24	4	2.13886
24	5	0.48828
24	6	1.15173
25	1	0.49480
25	2	0.48724
25	3	0.74863
25	4	3.18830
25	5	0.46799
25	6	0.78859
26	1	0.22673
26	2	0.74866
26	3	0.55020
26	4	1.04884
26	5	0.19945
26	6	0.88273
27	1	0.25515
27	2	0.85653
27	3	0.22419
27	4	1.17490
27	5	0.88233
27	6	0.76972
28	1	0.16246
28	2	0.74842
28	3	0.59897
28	4	1.28478
28	5	0.22185
28	6	0.96143
29	1	0.25752
29	2	1.00945
29	3	0.36028
29	4	1.38120
29	5	1.04314
29	6	0.88342
30	1	0.32617
30	2	0.71191
30	3	0.51971
30	4	0.85138
30	5	0.22754
30	6	0.78727
31	1	0.12200
31	2	0.72760
31	3	0.65643
31	4	1.47390
31	5	0.28979
31	6	0.99607
32	1	0.28624
32	2	0.97785
32	3	0.96295
32	4	0.61791
32	5	0.39786
32	6	1.07302
33	1	0.44140
33	2	1.18576
33	3	0.79246
33	4	0.54626
33	5	0.95083
33	6	1.06464
34	1	0.18679
34	2	0.97040
34	3	0.82249
34	4	0.21560
34	5	1.26041
34	6	1.01622
35	1	0.47724
35	2	0.97880
35	3	0.83652
35	4	0.55538
35	5	0.61041
35	6	0.94502
36	1	0.76192
36	2	0.73151
36	3	0.39909
36	4	0.39364
36	5	0.54277
36	6	0.56141
37	1	0.59130
37	2	0.83095
37	3	0.59452
37	4	0.51951
37	5	0.53053
37	6	0.72822
38	1	0.17103
38	2	1.04063
38	3	1.11489
38	4	0.83010
38	5	0.21208
38	6	1.23496
39	1	0.13752
39	2	1.67631
39	3	0.81359
39	4	0.13121
39	5	1.30843
39	6	1.03914
40	1	0.11465
40	2	0.73277
40	3	0.61584
40	4	1.52749
40	5	0.24112
40	6	0.93877
41	1	0.25340
41	2	0.78159
41	3	0.55275
41	4	1.03990
41	5	0.23640
41	6	0.89845
42	1	0.23920
42	2	0.68680
42	3	0.83019
42	4	0.11180
42	5	1.45229
42	6	1.07581
43	1	0.51170
43	2	1.10382
43	3	1.47842
43	4	1.04650
43	5	0.36380
43	6	1.58675
44	1	0.24216
44	2	1.03665
44	3	1.14894
44	4	0.98438
44	5	0.14965
44	6	1.39831
45	1	0.45598
45	2	0.74246
45	3	0.33319
45	4	0.96492
45	5	0.72968
45	6	0.50955
46	1	0.25390
46	2	1.12411
46	3	1.25665
46	4	0.95031
46	5	0.15519
46	6	1.41352
47	1	0.43329
47	2	1.21155
47	3	1.45585
47	4	1.11455
47	5	0.26595
47	6	1.59629
48	1	0.24531
48	2	1.08222
48	3	1.31991
48	4	0.98328
48	5	0.10452
48	6	1.43700
49	1	0.06646
49	2	0.73906
49	3	0.57513
49	4	1.09495
49	5	0.19394
49	6	0.95944
50	1	0.32567
50	2	0.47786
50	3	0.87592
50	4	0.15900
50	5	1.47325
50	6	1.11126
51	1	0.25029
51	2	0.78038
51	3	0.52449
51	4	1.02115
51	5	0.22610
51	6	0.90625
52	1	0.21704
52	2	1.08761
52	3	0.39120
52	4	1.48909
52	5	1.11284
52	6	1.02900
53	1	0.35540
53	2	1.10306
53	3	1.02683
53	4	0.62026
53	5	0.37623
53	6	1.12194
54	1	0.15709
54	2	0.76197
54	3	0.59425
54	4	1.23240
54	5	0.22871
54	6	0.93343
55	1	0.18752
55	2	1.07727
55	3	1.22218
55	4	0.92475
55	5	0.21075
55	6	1.34323
56	1	0.36535
56	2	0.69285
56	3	0.92510
56	4	0.22987
56	5	1.52344
56	6	1.10688
57	1	0.38052
57	2	1.17161
57	3	1.10836
57	4	0.77584
57	5	0.40090
57	6	1.20738
#Time(s):	0.30708