1	1	0.13891
1	2	0.74612
1	3	0.65209
1	4	1.63518
1	5	0.27118
1	6	1.00273
2	1	0.53911
2	2	0.38532
2	3	0.94563
2	4	0.37342
2	5	1.67518
2	6	1.14185
3	1	0.50783
3	2	0.90803
3	3	0.98129
3	4	4.05118
3	5	0.61732
3	6	1.25892
4	1	0.17953
4	2	1.05162
4	3	1.22284
4	4	0.94277
4	5	0.14674
4	6	1.36641
5	1	0.31960
5	2	1.02665
5	3	0.99188
5	4	0.79383
5	5	0.48551
5	6	1.09938
6	1	0.20891
6	2	1.03664
6	3	1.15248
6	4	0.83629
6	5	0.24943
6	6	1.25855
7	1	0.21611
7	2	0.81025
7	3	0.65300
7	4	1.44874
7	5	0.30764
7	6	1.06493
8	1	0.16173
8	2	0.73354
8	3	0.60081
8	4	1.42215
8	5	0.22042
8	6	0.93473
9	1	0.16253
9	2	1.02909
9	3	1.18592
9	4	0.88737
9	5	0.14088
9	6	1.31639
10	1	0.18304
10	2	1.01682
10	3	0.27458
10	4	1.37859
10	5	1.07812
10	6	0.92043
11	1	0.74208
11	2	0.46643
11	3	1.00172
11	4	0.58063
11	5	1.84975
11	6	1.26813
12	1	0.17649
12	2	0.75968
12	3	0.66479
12	4	1.52146
12	5	0.30200
12	6	1.03901
13	1	0.39666
13	2	0.73418
13	3	0.35351
13	4	0.65167
13	5	0.29368
13	6	0.74004
14	1	0.23624
14	2	0.78793
14	3	0.65973
14	4	1.84258
14	5	0.32058
14	6	1.03719
15	1	0.11147
15	2	0.98065
15	3	0.77959
15	4	0.22799
15	5	1.28002
15	6	0.97542
16	1	0.19217
16	2	0.71848
16	3	0.59556
16	4	1.31001
16	5	0.18032
16	6	0.92792
17	1	0.21919
17	2	0.92467
17	3	1.09794
17	4	0.76633
17	5	0.37502
17	6	1.19138
18	1	0.10571
18	2	0.90344
18	3	0.11275
18	4	1.26388
18	5	0.93733
18	6	0.82229
19	1	0.47312
19	2	0.77262
19	3	0.45996
19	4	0.68447
19	5	0.39965
19	6	0.74189
20	1	0.46005
20	2	1.17420
20	3	0.81062
20	4	0.57812
20	5	0.92867
20	6	1.08438
21	1	0.23639
21	2	0.96125
21	3	1.00524
21	4	0.65623
21	5	0.37925
21	6	1.11234
22	1	0.20704
22	2	0.62629
22	3	0.84279
22	4	0.08713
22	5	1.35283
22	6	1.02905
23	1	0.47704
23	2	1.15990
23	3	0.57199
23	4	1.47977
23	5	1.14887
23	6	1.08143
24	1	0.25306
24	2	0.56947
24	3	0.85143
24	4	0.06953
24	5	1.43863
24	6	1.06822
25	1	0.50533
25	2	0.75667
25	3	0.35681
25	4	0.94870
25	5	0.71621
25	6	0.49828
26	1	0.68395
26	2	0.56070
26	3	0.93534
26	4	1.45284
26	5	1.56344
26	6	0.86245
27	1	0.27151
27	2	0.71135
27	3	0.56330
27	4	1.02722
27	5	0.22358
27	6	0.83371
28	1	0.21189
28	2	0.72296
28	3	0.77157
28	4	2.28880
28	5	0.33227
28	6	1.00474
29	1	0.14985
29	2	0.88034
29	3	0.77362
29	4	0.09513
29	5	1.39062
29	6	0.98065
30	1	0.48798
30	2	0.73835
30	3	0.69928
30	4	1.08607
30	5	0.53502
30	6	1.03299
31	1	0.57271
31	2	0.72509
31	3	0.46203
31	4	0.91386
31	5	0.56305
31	6	0.32814
32	1	0.34658
32	2	0.84666
32	3	0.79426
32	4	1.93372
32	5	0.45961
32	6	1.17034
33	1	0.19350
33	2	0.87118
33	3	0.21009
33	4	1.18822
33	5	0.80788
33	6	0.67033
34	1	0.17096
34	2	0.75101
34	3	0.54924
34	4	1.01938
34	5	0.19731
34	6	0.90758
35	1	0.22810
35	2	0.96199
35	3	0.63289
35	4	0.36330
35	5	1.17549
35	6	1.01967
36	1	0.33412
36	2	0.97909
36	3	0.90174
36	4	0.56178
36	5	0.45803
36	6	1.01075
37	1	0.18013
37	2	0.98111
37	3	1.04355
37	4	0.66254
37	5	0.30383
37	6	1.17084
38	1	0.26025
38	2	1.05559
38	3	1.17846
38	4	0.98761
38	5	0.12928
38	6	1.39932
39	1	0.37187
39	2	0.68440
39	3	0.80806
39	4	3.05508
39	5	0.45410
39	6	1.02272
40	1	0.09271
40	2	1.00327
40	3	0.26244
40	4	1.39109
40	5	1.02798
40	6	0.93248
41	1	0.11389
41	2	0.92976
41	3	0.17056
41	4	1.27758
41	5	0.90439
41	6	0.78607
42	1	0.68097
42	2	0.97694
42	3	0.67623
42	4	0.60050
42	5	0.76942
42	6	0.75892
43	1	0.76377
43	2	0.58454
43	3	1.09914
43	4	0.58693
43	5	1.80320
43	6	1.31803
44	1	0.31175
44	2	0.74829
44	3	0.55132
44	4	0.79648
44	5	0.23709
44	6	0.82399
45	1	0.29595
45	2	0.47115
45	3	0.83082
45	4	0.14389
45	5	1.47552
45	6	1.02356
46	1	0.17758
46	2	0.76321
46	3	0.64265
46	4	1.55007
46	5	0.24320
46	6	1.00220
47	1	0.26475
47	2	1.10997
47	3	0.42696
47	4	1.47093
47	5	1.11891
47	6	0.96763
48	1	0.20080
48	2	0.88384
48	3	0.27171
48	4	1.22106
48	5	0.89592
48	6	0.76696
49	1	0.17267
49	2	0.80662
49	3	0.64319
49	4	1.21957
49	5	0.30534
49	6	1.05754
50	1	0.32848
50	2	0.79379
50	3	0.55518
50	4	0.81732
50	5	0.28331
50	6	0.85391
51	1	0.24013
51	2	1.09931
51	3	1.15067
51	4	0.81089
51	5	0.27419
51	6	1.25356
52	1	0.21511
52	2	1.00221
52	3	0.36587
52	4	1.35306
52	5	0.97028
52	6	0.87521
53	1	0.38266
53	2	0.46995
53	3	0.56689
53	4	0.76189
53	5	0.34393
53	6	0.61385
54	1	0.40740
54	2	0.64972
54	3	0.36404
54	4	0.92248
54	5	0.54352
54	6	0.44019
55	1	0.43318
55	2	0.72803
55	3	0.26588
55	4	0.97763
55	5	0.73787
55	6	0.52608
56	1	0.34298
56	2	0.84818
56	3	0.83642
56	4	2.21807
56	5	0.44546
56	6	1.14922
57	1	0.25751
57	2	0.74061
57	3	0.81041
57	4	0.17041
57	5	1.48250
57	6	1.09023
58	1	0.41252
58	2	0.79029
58	3	0.25507
58	4	1.05663
58	5	0.78475
58	6	0.58917
59	1	0.24413
59	2	1.02031
59	3	0.28820
59	4	1.41350
59	5	1.12273
59	6	1.01611
60	1	0.14463
60	2	0.86040
60	3	1.10866
60	4	0.75228
60	5	0.30058
60	6	1.22510
61	1	0.28089
61	2	0.85888
61	3	0.25468
61	4	1.17198
61	5	0.88759
61	6	0.76637
62	1	0.22744
62	2	0.67988
62	3	0.53059
62	4	0.90289
62	5	0.17815
62	6	0.80064
63	1	0.26296
63	2	0.58223
63	3	0.43906
63	4	0.26929
63	5	1.42517
63	6	0.90597
64	1	0.25819
64	2	0.65430
64	3	0.84275
64	4	0.14160
64	5	1.44093
64	6	1.10263
65	1	0.23673
65	2	1.10427
65	3	0.39645
65	4	1.47526
65	5	1.13233
65	6	0.97148
66	1	0.18811
66	2	0.72250
66	3	0.58853
66	4	1.24034
66	5	0.21844
66	6	0.88514
67	1	0.31596
67	2	0.92326
67	3	0.88509
67	4	0.58265
67	5	0.44276
67	6	1.00798
68	1	0.37288
68	2	0.94537
68	3	0.89466
68	4	0.60395
68	5	0.49201
68	6	0.99776
69	1	0.20077
69	2	0.96277
69	3	0.84050
69	4	0.30359
69	5	1.17684
69	6	1.02373
70	1	0.15146
70	2	1.04264
70	3	0.32197
70	4	1.43893
70	5	1.06896
70	6	0.97614
71	1	0.31247
71	2	0.86071
71	3	0.16839
71	4	1.16155
71	5	0.85127
71	6	0.69855
72	1	0.38104
72	2	0.74229
72	3	1.22395
72	4	0.98955
72	5	0.48205
72	6	1.38280
73	1	0.15492
73	2	0.74190
73	3	0.59999
73	4	1.33681
73	5	0.22024
73	6	0.94863
74	1	0.10645
74	2	0.98814
74	3	1.13158
74	4	0.87916
74	5	0.19056
74	6	1.27411
75	1	0.20645
75	2	0.91616
75	3	0.12702
75	4	1.25175
75	5	0.92206
75	6	0.78657
76	1	0.60697
76	2	0.67158
76	3	0.52956
76	4	1.10866
76	5	0.92253
76	6	0.87225
77	1	0.28239
77	2	0.61494
77	3	0.41778
77	4	0.87888
77	5	0.22003
77	6	0.82344
78	1	0.66057
78	2	0.83431
78	3	0.77477
78	4	1.09046
78	5	0.58006
78	6	0.78634
79	1	0.22578
79	2	0.83551
79	3	0.56624
79	4	1.01491
79	5	0.29081
79	6	1.01273
80	1	0.20399
80	2	1.18622
80	3	0.85051
80	4	0.08426
80	5	1.35816
80	6	1.06630
81	1	0.16991
81	2	0.76314
81	3	0.66249
81	4	1.72202
81	5	0.27131
81	6	1.02390
82	1	0.15727
82	2	0.67636
82	3	0.76647
82	4	0.12907
82	5	1.37959
82	6	0.98693
83	1	0.41139
83	2	1.08597
83	3	1.35233
83	4	1.11470
83	5	0.28409
83	6	1.54359
84	1	0.27914
84	2	0.96690
84	3	0.94820
84	4	0.61711
84	5	0.41331
84	6	1.06104
85	1	0.44079
85	2	0.75587
85	3	0.53215
85	4	0.75144
85	5	0.35826
85	6	0.75603
86	1	0.47414
86	2	0.48783
86	3	0.90466
86	4	0.31758
86	5	1.65340
86	6	1.14039
87	1	0.36308
87	2	0.72070
87	3	0.36703
87	4	0.75376
87	5	0.24491
87	6	0.76909
88	1	0.45427
88	2	0.67383
88	3	0.36878
88	4	0.55229
88	5	0.33316
88	6	0.66863
89	1	0.21378
89	2	1.02868
89	3	1.17626
89	4	0.80796
89	5	0.27097
89	6	1.27247
90	1	0.22821
90	2	0.86782
90	3	0.61972
90	4	1.14056
90	5	0.35347
90	6	1.08844
91	1	0.27141
91	2	0.88281
91	3	0.31716
91	4	1.17508
91	5	0.90009
91	6	0.64593
92	1	0.17034
92	2	0.90533
92	3	1.03693
92	4	0.70343
92	5	0.29164
92	6	1.18284
93	1	0.77884
93	2	0.62975
93	3	0.73186
93	4	0.67708
93	5	0.51743
93	6	0.20384
94	1	0.13930
94	2	0.73816
94	3	0.84680
94	4	0.12217
94	5	1.32014
94	6	1.03927
95	1	0.14099
95	2	0.75148
95	3	0.58566
95	4	1.23175
95	5	0.20987
95	6	0.95313
96	1	0.25498
96	2	0.81700
96	3	0.79093
96	4	1.81064
96	5	0.39609
96	6	1.11844
97	1	0.47363
97	2	0.77440
97	3	0.30794
97	4	1.00052
97	5	0.74813
97	6	0.54721
98	1	0.13186
98	2	0.96949
98	3	0.19627
98	4	1.32240
98	5	0.95748
98	6	0.84317
99	1	0.39531
99	2	0.54031
99	3	0.88778
99	4	0.22513
99	5	1.55393
99	6	1.37963
100	1	0.36250
100	2	0.93969
100	3	0.89549
100	4	0.61788
100	5	0.49349
100	6	0.99390
101	1	0.36892
101	2	0.49230
101	3	0.83902
101	4	0.21908
101	5	1.58293
101	6	1.06045
102	1	0.34280
102	2	0.87442
102	3	0.82514
102	4	1.97397
102	5	0.42446
102	6	1.16168
103	1	0.42894
103	2	0.73587
103	3	0.30071
103	4	0.98885
103	5	0.66527
103	6	0.48001
104	1	0.21569
104	2	0.88502
104	3	0.17196
104	4	1.19728
104	5	0.85153
104	6	0.71949
105	1	0.21849
105	2	0.65559
105	3	0.59816
105	4	1.10024
105	5	0.20640
105	6	0.80397
106	1	0.32878
106	2	0.73856
106	3	0.82706
106	4	3.26019
106	5	0.39827
106	6	1.03174
107	1	0.40374
107	2	0.75956
107	3	0.29761
107	4	1.00319
107	5	0.68263
107	6	0.47889
108	1	0.22725
108	2	0.96419
108	3	0.22262
108	4	1.28738
108	5	0.99950
108	6	0.83177
109	1	0.14720
109	2	0.70273
109	3	0.59358
109	4	1.21804
109	5	0.23007
109	6	0.88669
110	1	0.29537
110	2	1.07495
110	3	1.17525
110	4	0.78883
110	5	0.24080
110	6	1.30306
111	1	0.37120
111	2	0.76056
111	3	0.51636
111	4	0.77771
111	5	0.29171
111	6	0.80046
112	1	0.37476
112	2	0.81960
112	3	0.63145
112	4	0.77766
112	5	0.34077
112	6	0.85387
113	1	0.82700
113	2	1.06946
113	3	0.93512
113	4	1.45153
113	5	1.03610
113	6	1.06607
114	1	0.56321
114	2	0.23551
114	3	1.13129
114	4	1.06182
114	5	0.69282
114	6	1.25685
115	1	0.56705
115	2	0.16857
115	3	0.74826
115	4	1.50885
115	5	0.56230
115	6	0.49271
116	1	0.47713
116	2	0.45751
116	3	0.54840
116	4	0.63391
116	5	0.38199
116	6	0.53659
117	1	0.21621
117	2	1.01383
117	3	1.41913
117	4	0.97862
117	5	0.06680
117	6	1.40333
118	1	0.04976
118	2	0.94827
118	3	0.21250
118	4	1.32980
118	5	0.95702
118	6	0.85015
119	1	0.33970
119	2	0.78809
119	3	0.14696
119	4	1.10229
119	5	0.84796
119	6	0.66408
120	1	0.35756
120	2	0.78055
120	3	0.20542
120	4	1.05580
120	5	0.78793
120	6	0.59787
121	1	0.57526
121	2	0.86576
121	3	0.67085
121	4	0.52319
121	5	0.74939
121	6	0.78843
122	1	0.19213
122	2	0.99868
122	3	1.06367
122	4	0.68377
122	5	0.26815
122	6	1.18142
123	1	0.24474
123	2	0.56988
123	3	0.88342
123	4	0.18086
123	5	1.31864
123	6	1.02774
124	1	0.17055
124	2	0.83085
124	3	0.86314
124	4	0.18628
124	5	1.26640
124	6	1.05087
125	1	0.57103
125	2	1.28098
125	3	1.51761
125	4	1.16804
125	5	0.40203
125	6	1.65280
126	1	0.25863
126	2	0.57569
126	3	0.60327
126	4	1.10966
126	5	0.31531
126	6	0.86825
127	1	0.24716
127	2	0.72930
127	3	0.51763
127	4	1.01725
127	5	0.17390
127	6	0.90789
128	1	0.66528
128	2	0.43301
128	3	0.92786
128	4	0.52135
128	5	1.83082
128	6	1.09426
129	1	0.55701
129	2	0.82650
129	3	0.68256
129	4	0.52092
129	5	0.70303
129	6	0.80552
130	1	0.91334
130	2	0.87367
130	3	0.48975
130	4	0.86750
130	5	1.79746
130	6	0.49414
131	1	0.27635
131	2	0.74504
131	3	0.59485
131	4	1.08632
131	5	0.24589
131	6	0.85212
132	1	0.20978
132	2	0.95371
132	3	0.20067
132	4	1.27588
132	5	0.94658
132	6	0.80818
133	1	0.42451
133	2	0.79999
133	3	0.38760
133	4	0.88930
133	5	0.28470
133	6	0.88180
134	1	0.37339
134	2	0.72989
134	3	0.61522
134	4	1.19140
134	5	0.31078
134	6	0.82440
135	1	0.20584
135	2	1.07128
135	3	0.36008
135	4	1.43262
135	5	1.10368
135	6	0.93372
136	1	0.24621
136	2	1.10588
136	3	0.38586
136	4	1.48801
136	5	1.12534
136	6	1.03323
137	1	0.36929
137	2	0.79554
137	3	1.03069
137	4	0.68704
137	5	0.35659
137	6	1.20236
138	1	0.42167
138	2	0.95731
138	3	0.48596
138	4	1.42803
138	5	1.15468
138	6	1.08133
139	1	0.16457
139	2	1.02008
139	3	1.14875
139	4	0.89464
139	5	0.21432
139	6	1.27413
140	1	0.40160
140	2	0.76556
140	3	0.53344
140	4	0.81854
140	5	0.34923
140	6	0.79379
141	1	0.84895
141	2	0.70223
141	3	1.05663
141	4	0.70992
141	5	0.59891
141	6	0.33957
142	1	0.23285
142	2	1.06491
142	3	0.34339
142	4	1.43370
142	5	1.10849
142	6	0.93849
143	1	0.17571
143	2	1.05344
143	3	1.30344
143	4	0.95802
143	5	0.10339
143	6	1.40440
144	1	0.28780
144	2	0.59683
144	3	0.85279
144	4	0.14640
144	5	1.46963
144	6	1.08199
145	1	0.38708
145	2	1.07798
145	3	0.75468
145	4	0.51889
145	5	0.95222
145	6	1.04152
146	1	0.34295
146	2	1.04744
146	3	1.03132
146	4	0.74368
146	5	0.46420
146	6	1.11312
147	1	0.26074
147	2	0.89585
147	3	0.18380
147	4	1.18842
147	5	0.85939
147	6	0.73354
148	1	0.63898
148	2	0.31706
148	3	0.99350
148	4	0.49468
148	5	1.75040
148	6	1.20772
149	1	0.20978
149	2	0.83226
149	3	0.17541
149	4	1.15146
149	5	0.80538
149	6	0.63538
150	1	0.24456
150	2	0.60839
150	3	0.56999
150	4	1.07284
150	5	0.25029
150	6	0.88948
151	1	0.18368
151	2	0.68579
151	3	0.65021
151	4	1.56988
151	5	0.25253
151	6	0.93315
152	1	0.38838
152	2	0.90602
152	3	0.86576
152	4	0.63642
152	5	0.55887
152	6	0.98206
153	1	0.11586
153	2	0.92304
153	3	0.79042
153	4	0.18668
153	5	1.32257
153	6	1.00192
154	1	0.41210
154	2	1.22618
154	3	0.57160
154	4	1.62733
154	5	1.30377
154	6	1.14046
155	1	0.29689
155	2	0.94210
155	3	0.27574
155	4	1.25526
155	5	0.93094
155	6	0.83005
156	1	0.37658
156	2	0.55644
156	3	0.75550
156	4	0.33090
156	5	1.52234
156	6	1.01256
157	1	0.65010
157	2	0.59494
157	3	0.50336
157	4	0.46732
157	5	0.43243
157	6	0.52871
158	1	0.25601
158	2	0.69306
158	3	0.44339
158	4	0.74264
158	5	0.27706
158	6	0.83343
159	1	0.60909
159	2	0.84834
159	3	0.56324
159	4	1.00697
159	5	0.58535
159	6	0.42890
160	1	0.30077
160	2	0.44853
160	3	0.78894
160	4	0.21160
160	5	1.49882
160	6	1.00801
161	1	0.22625
161	2	0.70376
161	3	0.71615
161	4	2.26499
161	5	0.31900
161	6	0.99447
162	1	0.07353
162	2	0.89917
162	3	0.12596
162	4	1.27828
162	5	0.93007
162	6	0.80617
163	1	0.21513
163	2	0.85284
163	3	0.62783
163	4	1.50766
163	5	0.33904
163	6	1.06334
164	1	0.32458
164	2	0.69443
164	3	0.88760
164	4	0.19483
164	5	1.44823
164	6	1.05624
165	1	0.29536
165	2	0.51387
165	3	0.82367
165	4	0.13739
165	5	1.49245
165	6	1.25306
166	1	0.13838
166	2	0.89834
166	3	0.84018
166	4	0.16308
166	5	1.25848
166	6	1.02272
167	1	0.22859
167	2	0.77597
167	3	0.77801
167	4	1.96661
167	5	0.36352
167	6	1.07108
168	1	0.22717
168	2	0.89323
168	3	1.75221
168	4	0.84523
168	5	0.16055
168	6	1.38128
169	1	0.39238
169	2	0.79567
169	3	0.23841
169	4	1.07251
169	5	0.78989
169	6	0.59533
170	1	0.39523
170	2	1.27955
170	3	0.68701
170	4	0.46119
170	5	1.24549
170	6	1.11757
171	1	0.16415
171	2	0.93386
171	3	0.21146
171	4	1.25990
171	5	0.87218
171	6	0.77426
172	1	0.28822
172	2	0.77692
172	3	0.12053
172	4	1.11649
172	5	0.83654
172	6	0.65672
173	1	0.12553
173	2	0.99341
173	3	1.15158
173	4	0.76356
173	5	0.16730
173	6	1.27333
174	1	0.26045
174	2	1.09453
174	3	0.39660
174	4	1.47603
174	5	1.12939
174	6	1.03460
175	1	0.38641
175	2	0.76354
175	3	0.27507
175	4	1.00181
175	5	0.74012
175	6	0.51794
176	1	0.46285
176	2	1.26750
176	3	0.61642
176	4	1.68137
176	5	1.30871
176	6	1.20173
177	1	0.28391
177	2	0.83845
177	3	0.23657
177	4	1.12689
177	5	0.71571
177	6	0.59776
178	1	0.25300
178	2	1.05168
178	3	1.42409
178	4	0.97833
178	5	0.12282
178	6	1.45341
179	1	0.16994
179	2	0.94401
179	3	0.16641
179	4	1.27795
179	5	0.94406
179	6	0.79901
180	1	0.75178
180	2	0.68124
180	3	0.75233
180	4	0.93399
180	5	0.46285
180	6	0.48575
181	1	0.39981
181	2	1.18385
181	3	0.49745
181	4	1.56549
181	5	1.24018
181	6	1.17573
182	1	0.15279
182	2	0.73927
182	3	0.61071
182	4	1.30781
182	5	0.22785
182	6	0.97438
183	1	0.19941
183	2	0.84508
183	3	0.88985
183	4	0.24799
183	5	1.20390
183	6	1.05444
184	1	0.22052
184	2	1.05905
184	3	1.18694
184	4	0.91004
184	5	0.14923
184	6	1.34327
185	1	0.10693
185	2	0.93620
185	3	1.10544
185	4	0.73145
185	5	0.19391
185	6	1.22940
186	1	0.19026
186	2	0.99504
186	3	0.83963
186	4	0.10508
186	5	1.37859
186	6	0.99857
187	1	0.33484
187	2	0.57245
187	3	0.87459
187	4	0.19154
187	5	1.44516
187	6	1.14464
188	1	0.38285
188	2	0.53867
188	3	0.84514
188	4	0.23105
188	5	1.62143
188	6	1.06651
189	1	0.15603
189	2	1.00304
189	3	1.18213
189	4	0.87094
189	5	0.20922
189	6	1.27560
190	1	0.43159
190	2	0.44666
190	3	0.83365
190	4	0.29469
190	5	1.63350
190	6	1.04470
191	1	0.23528
191	2	0.76093
191	3	0.76644
191	4	2.20119
191	5	0.32504
191	6	1.02871
192	1	0.22570
192	2	1.09638
192	3	1.19376
192	4	0.89442
192	5	0.20986
192	6	1.30266
193	1	0.30773
193	2	1.05322
193	3	1.23431
193	4	0.91122
193	5	0.22796
193	6	1.40424
194	1	0.59819
194	2	0.60913
194	3	0.45920
194	4	0.77736
194	5	0.49212
194	6	0.31076
195	1	0.21492
195	2	0.78789
195	3	0.75247
195	4	1.99697
195	5	0.33136
195	6	1.05647
196	1	0.37626
196	2	0.99215
196	3	0.62388
196	4	0.47313
196	5	1.18470
196	6	1.01596
197	1	0.50673
197	2	0.42224
197	3	0.91792
197	4	0.35348
197	5	1.67298
197	6	1.17231
198	1	0.29832
198	2	0.79502
198	3	0.71535
198	4	1.65476
198	5	0.35778
198	6	1.08802
199	1	0.39935
199	2	0.87487
199	3	0.78349
199	4	1.82532
199	5	0.47938
199	6	1.18287
200	1	0.28113
200	2	0.74286
200	3	0.82130
200	4	0.24099
200	5	1.46296
200	6	1.07279
201	1	0.47448
201	2	0.82911
201	3	0.60932
201	4	1.11094
201	5	0.52909
201	6	1.09342
202	1	0.40436
202	2	0.74834
202	3	0.26373
202	4	1.02139
202	5	0.75411
202	6	0.54951
203	1	0.62716
203	2	0.63058
203	3	0.52381
203	4	0.77545
203	5	0.64119
203	6	0.40681
204	1	0.23743
204	2	0.86671
204	3	0.75819
204	4	1.59415
204	5	0.37406
204	6	1.13283
205	1	0.17203
205	2	1.02616
205	3	1.12575
205	4	0.83248
205	5	0.23875
205	6	1.24357
206	1	0.07571
206	2	0.97414
206	3	0.21518
206	4	1.36607
206	5	1.01754
206	6	0.91222
207	1	0.14379
207	2	0.74085
207	3	0.65080
207	4	1.75339
207	5	0.24793
207	6	0.98283
208	1	0.46035
208	2	0.85732
208	3	0.38568
208	4	1.12264
208	5	0.87046
208	6	0.58567
209	1	0.25468
209	2	1.65122
209	3	0.81338
209	4	0.31502
209	5	1.27029
209	6	1.04370
210	1	0.19483
210	2	0.89542
210	3	0.62722
210	4	0.31980
210	5	1.19373
210	6	0.99495
211	1	0.48147
211	2	0.73245
211	3	0.64110
211	4	0.77468
211	5	0.41111
211	6	0.71266
212	1	0.37845
212	2	1.11761
212	3	0.49773
212	4	1.46251
212	5	1.10949
212	6	1.04658
213	1	0.22186
213	2	0.85954
213	3	0.56885
213	4	0.31918
213	5	1.33084
213	6	0.79441
214	1	0.14957
214	2	0.63877
214	3	0.55649
214	4	0.91492
214	5	0.17445
214	6	0.81738
215	1	0.23553
215	2	1.02677
215	3	0.41141
215	4	1.43376
215	5	1.07520
215	6	1.01955
216	1	0.15990
216	2	1.03774
216	3	0.30286
216	4	1.40465
216	5	1.08879
216	6	0.92772
217	1	0.31848
217	2	0.78349
217	3	0.61640
217	4	1.18804
217	5	0.27826
217	6	0.96204
218	1	0.56114
218	2	0.84882
218	3	0.45071
218	4	0.63511
218	5	0.48863
218	6	0.79022
219	1	0.22813
219	2	0.75896
219	3	0.55677
219	4	1.10043
219	5	0.18961
219	6	0.95459
220	1	0.36039
220	2	0.74084
220	3	0.36325
220	4	1.09946
220	5	0.75055
220	6	0.62510
221	1	0.38569
221	2	0.90708
221	3	0.43874
221	4	1.35625
221	5	1.07621
221	6	0.98296
222	1	0.20594
222	2	0.86248
222	3	0.11813
222	4	1.18308
222	5	0.84325
222	6	0.71914
223	1	0.28125
223	2	0.68542
223	3	0.54040
223	4	0.85193
223	5	0.25356
223	6	0.77861
224	1	0.18583
224	2	0.90760
224	3	0.14650
224	4	1.23496
224	5	0.92139
224	6	0.78279
225	1	0.25016
225	2	1.03101
225	3	1.19312
225	4	0.77487
225	5	0.22730
225	6	1.25764
226	1	0.25907
226	2	0.91961
226	3	0.83265
226	4	0.11655
226	5	1.44271
226	6	1.02126
227	1	0.25011
227	2	0.84458
227	3	0.72556
227	4	1.72095
227	5	0.30973
227	6	1.04642
228	1	0.17705
228	2	1.04941
228	3	1.23322
228	4	0.94593
228	5	0.14024
228	6	1.38372
229	1	0.21610
229	2	0.86837
229	3	0.18138
229	4	1.17468
229	5	0.82084
229	6	0.68501
230	1	0.19123
230	2	0.68876
230	3	0.87416
230	4	0.19413
230	5	1.27040
230	6	1.01287
231	1	0.16029
231	2	0.85693
231	3	0.85488
231	4	0.16157
231	5	1.27710
231	6	1.01844
232	1	0.57639
232	2	1.01553
232	3	0.74208
232	4	0.58450
232	5	0.71499
232	6	0.82934
233	1	0.51725
233	2	0.48927
233	3	0.85957
233	4	0.38487
233	5	1.74418
233	6	1.08150
234	1	0.44242
234	2	0.50842
234	3	0.97572
234	4	0.31084
234	5	1.46732
234	6	1.34431
235	1	0.18723
235	2	0.91241
235	3	0.18567
235	4	1.27580
235	5	0.97686
235	6	0.85675
236	1	0.44337
236	2	0.97883
236	3	0.83900
236	4	0.57908
236	5	0.59674
236	6	0.94646
237	1	0.18205
237	2	0.98961
237	3	1.05514
237	4	0.69466
237	5	0.27550
237	6	1.18263
238	1	0.34377
238	2	1.14361
238	3	1.29999
238	4	1.04596
238	5	0.17994
238	6	1.51972
239	1	0.20220
239	2	0.75460
239	3	0.53731
239	4	1.02856
239	5	0.18813
239	6	0.89826
240	1	0.08801
240	2	0.74798
240	3	0.64297
240	4	1.46158
240	5	0.26970
240	6	0.99834
241	1	0.17723
241	2	0.60590
241	3	0.41953
241	4	0.89446
241	5	0.07527
241	6	0.80364
242	1	0.60386
242	2	0.94926
242	3	0.98856
242	4	2.16334
242	5	0.64208
242	6	1.29710
243	1	0.23383
243	2	0.81090
243	3	0.14012
243	4	1.12326
243	5	0.77906
243	6	0.62765
244	1	0.11691
244	2	0.74295
244	3	0.58673
244	4	1.21300
244	5	0.23298
244	6	0.93345
245	1	0.17294
245	2	0.71934
245	3	0.56262
245	4	1.04647
245	5	0.17298
245	6	0.87584
246	1	0.18332
246	2	0.77442
246	3	0.84617
246	4	0.11774
246	5	1.34411
246	6	1.00843
247	1	0.16521
247	2	0.94424
247	3	1.04550
247	4	0.71584
247	5	0.29792
247	6	1.17078
248	1	0.18557
248	2	0.69960
248	3	0.81261
248	4	0.07659
248	5	1.44651
248	6	1.01712
249	1	0.24240
249	2	0.70769
249	3	0.55415
249	4	1.04081
249	5	0.15282
249	6	0.88486
250	1	0.27610
250	2	0.76006
250	3	0.52495
250	4	0.90542
250	5	0.24571
250	6	0.85685
251	1	0.24773
251	2	0.81924
251	3	0.18505
251	4	1.10944
251	5	0.76893
251	6	0.62195
252	1	0.49058
252	2	0.74689
252	3	0.38460
252	4	0.93606
252	5	0.63447
252	6	0.44403
253	1	0.59324
253	2	0.71563
253	3	0.45633
253	4	0.85015
253	5	0.61764
253	6	0.38038
254	1	0.14297
254	2	1.03111
254	3	1.15992
254	4	0.86720
254	5	0.17048
254	6	1.27949
255	1	0.44466
255	2	0.67702
255	3	0.33549
255	4	0.91100
255	5	0.60261
255	6	0.41277
256	1	0.39646
256	2	0.75341
256	3	0.76396
256	4	1.63514
256	5	0.41876
256	6	1.05664
257	1	0.41118
257	2	0.69997
257	3	0.25312
257	4	0.98371
257	5	0.73713
257	6	0.52884
258	1	0.23834
258	2	0.86232
258	3	0.16562
258	4	1.17518
258	5	0.83974
258	6	0.69322
259	1	0.17798
259	2	0.69168
259	3	0.56551
259	4	1.09828
259	5	0.16814
259	6	0.85495
260	1	0.40535
260	2	0.63652
260	3	0.88592
260	4	0.32087
260	5	1.47838
260	6	0.96048
261	1	0.21560
261	2	1.07586
261	3	1.35182
261	4	0.95948
261	5	0.11291
261	6	1.40392
262	1	0.29728
262	2	0.98120
262	3	0.41892
262	4	1.35686
262	5	0.93585
262	6	0.83381
263	1	0.88633
263	2	0.77699
263	3	1.13513
263	4	1.48549
263	5	0.88719
263	6	1.15777
264	1	0.29559
264	2	1.12644
264	3	1.24571
264	4	0.94467
264	5	0.19212
264	6	1.38849
265	1	0.71235
265	2	0.53934
265	3	0.57242
265	4	0.68689
265	5	0.52334
265	6	0.45926
266	1	1.23781
266	2	0.79229
266	3	0.87446
266	4	1.52510
266	5	1.04228
266	6	1.09916
267	1	0.49324
267	2	0.71456
267	3	0.48108
267	4	1.13779
267	5	0.80413
267	6	0.75627
268	1	0.52601
268	2	0.71576
268	3	0.40447
268	4	0.92045
268	5	0.66297
268	6	0.39602
269	1	0.27871
269	2	0.69450
269	3	0.51552
269	4	0.80774
269	5	0.19332
269	6	0.78807
270	1	0.35879
270	2	0.58821
270	3	0.89991
270	4	0.21929
270	5	1.48934
270	6	1.08715
271	1	0.39958
271	2	1.20144
271	3	1.34747
271	4	1.04027
271	5	0.25690
271	6	1.49388
272	1	0.16397
272	2	0.86598
272	3	0.15652
272	4	1.20564
272	5	0.89839
272	6	0.79397
273	1	0.46510
273	2	0.76492
273	3	0.53435
273	4	0.63229
273	5	1.10366
273	6	0.86103
274	1	0.54437
274	2	1.30691
274	3	0.67103
274	4	1.70571
274	5	1.35494
274	6	1.29551
275	1	0.38913
275	2	0.88990
275	3	0.89111
275	4	2.37408
275	5	0.53334
275	6	1.22787
276	1	0.14502
276	2	0.59224
276	3	0.54005
276	4	0.23542
276	5	1.22313
276	6	0.94616
277	1	0.28584
277	2	1.09269
277	3	0.41038
277	4	1.45430
277	5	1.11942
277	6	1.01471
278	1	0.23305
278	2	0.98845
278	3	1.03657
278	4	0.69105
278	5	0.36235
278	6	1.11769
279	1	0.52315
279	2	0.93231
279	3	0.95020
279	4	0.56222
279	5	0.56979
279	6	1.08681
280	1	0.36592
280	2	0.61645
280	3	1.25344
280	4	0.91152
280	5	0.45664
280	6	1.29617
281	1	0.19856
281	2	0.85122
281	3	0.18901
281	4	1.16623
281	5	0.80540
281	6	0.66242
282	1	0.23793
282	2	0.80734
282	3	1.69558
282	4	1.09443
282	5	0.30172
282	6	0.94258
283	1	0.15942
283	2	0.72013
283	3	0.57125
283	4	1.10449
283	5	0.16862
283	6	0.88983
284	1	0.45829
284	2	0.84921
284	3	0.79409
284	4	1.52753
284	5	0.45082
284	6	1.15172
285	1	0.17974
285	2	0.77239
285	3	0.65584
285	4	1.21700
285	5	0.31815
285	6	1.03985
286	1	0.15531
286	2	0.85909
286	3	0.19485
286	4	1.20399
286	5	0.82502
286	6	0.69223
287	1	0.31298
287	2	0.79737
287	3	0.19482
287	4	1.08390
287	5	0.81231
287	6	0.64218
288	1	0.25388
288	2	0.82203
288	3	0.78515
288	4	1.89146
288	5	0.36899
288	6	1.11360
289	1	0.29836
289	2	0.78994
289	3	0.54303
289	4	1.02235
289	5	0.28284
289	6	0.88115
290	1	0.95598
290	2	0.63835
290	3	0.77921
290	4	0.59790
290	5	0.50825
290	6	0.43497
291	1	0.40065
291	2	0.96693
291	3	0.87791
291	4	0.58911
291	5	0.55679
291	6	0.96621
292	1	0.23872
292	2	0.83113
292	3	0.42520
292	4	0.97891
292	5	0.26424
292	6	1.01446
293	1	0.80400
293	2	1.11893
293	3	1.18942
293	4	4.62710
293	5	0.88813
293	6	1.49097
294	1	0.48988
294	2	0.69193
294	3	0.33216
294	4	0.91404
294	5	0.66042
294	6	0.42563
295	1	0.69688
295	2	0.72622
295	3	0.56132
295	4	0.82175
295	5	0.53576
295	6	0.26507
296	1	0.20858
296	2	1.04371
296	3	1.45997
296	4	1.00452
296	5	0.11733
296	6	1.44492
297	1	0.20177
297	2	0.83366
297	3	0.21538
297	4	1.15299
297	5	0.81521
297	6	0.68128
298	1	0.34502
298	2	0.86562
298	3	0.29469
298	4	1.14267
298	5	0.86763
298	6	0.71947
299	1	0.43044
299	2	0.89362
299	3	0.85301
299	4	1.90150
299	5	0.47427
299	6	1.18672
300	1	0.29516
300	2	0.98448
300	3	0.93378
300	4	0.34553
300	5	1.16658
300	6	1.10090
301	1	0.31648
301	2	0.79936
301	3	0.18333
301	4	1.08784
301	5	0.76553
301	6	0.60299
302	1	0.26813
302	2	0.59136
302	3	0.81143
302	4	0.15154
302	5	1.49963
302	6	1.60308
303	1	0.38289
303	2	0.82745
303	3	0.83883
303	4	2.06459
303	5	0.44800
303	6	1.13591
304	1	0.52335
304	2	0.85714
304	3	0.60801
304	4	1.18723
304	5	0.43763
304	6	1.04898
305	1	0.74448
305	2	1.39725
305	3	1.74724
305	4	1.37562
305	5	0.57810
305	6	1.83678
306	1	0.29537
306	2	0.73921
306	3	0.75722
306	4	2.08349
306	5	0.39509
306	6	1.06212
307	1	0.30330
307	2	0.99041
307	3	0.65020
307	4	0.44248
307	5	1.18804
307	6	0.98340
308	1	0.73088
308	2	1.29263
308	3	0.70476
308	4	0.82524
308	5	1.13383
308	6	0.91954
309	1	0.75741
309	2	1.03064
309	3	0.65293
309	4	0.65950
309	5	0.91548
309	6	0.70809
310	1	0.19727
310	2	0.76209
310	3	0.57178
310	4	1.19606
310	5	0.22114
310	6	0.94292
311	1	0.17291
311	2	0.94671
311	3	1.06996
311	4	0.71550
311	5	0.31890
311	6	1.17908
312	1	0.23800
312	2	0.75318
312	3	0.78966
312	4	2.59082
312	5	0.34863
312	6	1.03470
313	1	0.33200
313	2	0.92707
313	3	0.90736
313	4	0.58289
313	5	0.49182
313	6	1.02286
314	1	0.37196
314	2	0.95036
314	3	0.88913
314	4	0.58433
314	5	0.54717
314	6	0.99984
315	1	0.65416
315	2	0.47188
315	3	0.96875
315	4	0.48114
315	5	1.78958
315	6	1.19944
316	1	0.54543
316	2	0.66852
316	3	0.39179
316	4	0.87492
316	5	0.61811
316	6	0.37767
317	1	0.35241
317	2	0.81790
317	3	0.23780
317	4	1.08642
317	5	0.78702
317	6	0.61398
318	1	0.18787
318	2	0.69248
318	3	0.62714
318	4	1.47517
318	5	0.23448
318	6	0.91651
319	1	0.29378
319	2	1.09316
319	3	1.21395
319	4	0.96313
319	5	0.19991
319	6	1.38049
320	1	0.22787
320	2	0.85598
320	3	0.88188
320	4	0.23929
320	5	1.25571
320	6	0.98098
321	1	0.26704
321	2	0.55401
321	3	0.90323
321	4	0.27129
321	5	1.20194
321	6	1.01930
322	1	0.56387
322	2	0.96759
322	3	0.99203
322	4	2.62515
322	5	0.63697
322	6	1.31504
323	1	0.81865
323	2	0.93556
323	3	0.89214
323	4	1.27475
323	5	0.82135
323	6	0.85257
324	1	0.85702
324	2	1.19152
324	3	0.89027
324	4	1.65068
324	5	1.50011
324	6	1.47189
325	1	0.28625
325	2	0.96210
325	3	0.98608
325	4	0.69234
325	5	0.44047
325	6	1.10437
326	1	0.24361
326	2	1.07815
326	3	1.26349
326	4	0.95995
326	5	0.14435
326	6	1.42228
327	1	0.22301
327	2	0.70666
327	3	0.66492
327	4	1.51398
327	5	0.28545
327	6	0.97267
328	1	0.19097
328	2	0.95923
328	3	1.04536
328	4	0.69794
328	5	0.32449
328	6	1.16504
329	1	0.16949
329	2	1.06337
329	3	1.28032
329	4	0.92431
329	5	0.12540
329	6	1.36972
330	1	0.21185
330	2	0.77691
330	3	0.60860
330	4	1.37459
330	5	0.23681
330	6	0.97723
331	1	0.16146
331	2	0.79052
331	3	0.82370
331	4	0.18801
331	5	1.32938
331	6	0.94276
332	1	0.09947
332	2	0.97100
332	3	0.23667
332	4	1.34529
332	5	0.99023
332	6	0.88984
333	1	0.33872
333	2	0.49376
333	3	0.84008
333	4	0.18405
333	5	1.52866
333	6	1.06061
334	1	0.38758
334	2	0.93538
334	3	0.37868
334	4	1.21554
334	5	0.94897
334	6	0.82328
335	1	0.11270
335	2	0.99723
335	3	1.17851
335	4	0.91552
335	5	0.21137
335	6	1.30795
336	1	0.23282
336	2	1.03292
336	3	1.07020
336	4	0.73560
336	5	0.29330
336	6	1.18474
337	1	0.18159
337	2	0.76076
337	3	0.62680
337	4	1.57172
337	5	0.22948
337	6	0.95259
338	1	0.17882
338	2	0.95753
338	3	0.31178
338	4	1.32131
338	5	0.98915
338	6	0.89319
339	1	0.10886
339	2	0.91768
339	3	0.19122
339	4	1.29731
339	5	0.97233
339	6	0.85109
340	1	0.52684
340	2	0.73104
340	3	0.81910
340	4	0.72679
340	5	0.69739
340	6	0.95956
341	1	0.24460
341	2	0.80242
341	3	0.89637
341	4	0.96190
341	5	0.26957
341	6	0.91726
342	1	0.17793
342	2	0.69577
342	3	0.55816
342	4	1.06628
342	5	0.16433
342	6	0.89288
343	1	0.21469
343	2	0.69022
343	3	0.85141
343	4	0.18169
343	5	1.26347
343	6	1.05985
344	1	0.32064
344	2	0.79524
344	3	0.16876
344	4	1.09589
344	5	0.84190
344	6	0.67416
345	1	0.59957
345	2	1.03186
345	3	1.18840
345	4	0.76170
345	5	0.61709
345	6	1.32188
346	1	0.37283
346	2	0.64194
346	3	0.41838
346	4	0.63958
346	5	0.26642
346	6	0.66359
347	1	0.26076
347	2	0.89517
347	3	0.67337
347	4	0.36028
347	5	1.07245
347	6	1.03640
348	1	0.16813
348	2	0.93972
348	3	0.18509
348	4	1.26662
348	5	0.89599
348	6	0.77860
349	1	0.13453
349	2	0.95425
349	3	1.13401
349	4	0.74837
349	5	0.24925
349	6	1.23531
350	1	0.17612
350	2	0.69397
350	3	0.60169
350	4	1.21968
350	5	0.23131
350	6	0.86393
351	1	0.54810
351	2	0.76082
351	3	0.44670
351	4	0.55832
351	5	0.44731
351	6	0.67980
352	1	0.28019
352	2	0.97525
352	3	0.88625
352	4	0.38114
352	5	1.08658
352	6	1.08657
353	1	0.13016
353	2	0.73520
353	3	0.60309
353	4	1.24418
353	5	0.17815
353	6	0.96064
354	1	0.34494
354	2	0.82451
354	3	0.85805
354	4	2.95473
354	5	0.46521
354	6	1.14382
355	1	0.48796
355	2	0.98332
355	3	0.79083
355	4	0.55972
355	5	0.98231
355	6	1.11894
356	1	0.49461
356	2	0.88792
356	3	0.36471
356	4	0.74616
356	5	0.41973
356	6	0.91655
#Time(s):	1.90744